[TEXTURES]
# id	file_path				                    r	    g	    b
200 Resources\Textures\Items-Objects.png 116 116 116
201 Resources\Textures\Brick-Black.png 255 255 255
202 Resources\Textures\Brick-Broken.png 255 0 255
300 Resources\Textures\HP.png 255 0 255
400 Resources\Textures\Enemies.png 116 116 116
500 Resources\Textures\Bosses.png 116 116 116
700 Resources\Textures\Gate.png 116 116 116
900 Resources\Textures\Black-Board.png 116 116 116
1000 Resources\Map\Map4\tilesheet.png 255 255 255

[SPRITES]
# id	left    top     right   bottom  texture_id  dx      dy

# object map
// torch
30000 175 1 16 32 200 0 0
30001 192 1 16 32 200 0 0
// candle
30010 157 1 8 16 200 0 0
30011 166 1 8 16 200 0 0
// Brick Broken
30040 0 0 16 16 201 0 0
30041 0 0 9 10 202 0 0

# item
40000 1 1 16 16 200 0 0
40001 18 1 8 8 200 0 0
40002 29 6 12 10 200 0 0
40003 45 1 15 15 200 0 0
40004 62 1 15 15 200 0 0
40005 79 1 15 15 200 0 0
40006 97 2 12 14 200 0 0
40007 113 1 15 16 200 0 0
40008 1 22 16 9 200 0 0
40009 18 18 15 14 200 0 0
40010 35 18 16 16 200 0 0
40011 53 20 14 13 200 0 0
40012 69 19 15 14 200 0 0
40013 87 19 15 14 200 0 0
40014 104 18 15 16 200 0 0
40015 121 19 14 14 200 0 0
40016 138 19 14 14 200 0 0
40017 1 37 16 13 200 0 0
40018 20 35 13 15 200 0 0
40019 35 35 16 16 200 0 0
40020 52 38 16 11 200 0 0
40021 69 35 15 16 200 0 0
40022 86 35 15 16 200 0 0
40023 103 35 15 16 200 0 0
40024 120 35 15 16 200 0 0
40025 137 39 16 12 200 0 0
40026 154 39 16 12 200 0 0
40027 171 39 16 12 200 0 0
40028 188 39 16 12 200 0 0

# score board
60000 0 0 6 9 300 0 0
60001 5 0 7 9 300 0 0
60002 11 0 6 9 300 0 0
90000 0 0 256 39 900 0 0

#Enemies
//Zombie
70000 1 28 16 32 400 0 0
70001 18 28 16 32 400 0 0

70010 931 28 16 32 400 0 0
70011 914 28 16 32 400 0 0

#Bosses
8000 4 245 3 13 500 0 0
8001 11 246 6 12 500 0 0
8002 19 243 8 15 500 0 0
8003 35 245 19 29 500 0 0
8004 58 246 22 28 500 0 0
8005 82 243 24 31 500 0 0
8006 114 245 19 45 500 0 0
8007 137 246 22 44 500 0 0
8008 161 243 24 47 500 0 0

//PhantomBat
80000 1 11 16 16 500 0 0
80001 18 11 48 22 500 0 0
80002 67 11 32 23 500 0 0

//sprite map
1000 0 0 160 244 1000 0 0

# ani_idd    sprite1_id	time1	sprite2_id	time2	...
[ANIMATIONS]

# --- OBJECTS MAP ---
//torch
300 1 30000 100 30001 100
//candle
310 1 30010 100 30011 100
//broken bricks
340 1 30040 100
//broken bricks effect
341 1 30041 100

# --- ITEMS ---
//Item Morning Star
400 1 40000 100
//Item Small Heart
401 1 40001 100
//Item Large Heart
402 1 40002 100
//Item Red Money
403 1 40003 100
//Item Purple Money
404 1 40004 100
//Item Yellow Money
405 1 40005 100
//Item Dagger
406 1 40008 100
//Item Axe
407 1 40009 100
//Item Holly Water
408 1 40010 100
//Item Boomerang
409 1 40012 100
//Item Stop watch
410 1 40014 100
//Item CROSS
411 1 40019 100
//Item INVISIBILITY_POTION
412 1 40018 100
//Item PORK_CHOP
413 1 40017 100
//Item DOUBLE_SHOT
414 1 40015 100
//Item TRIPLE_SHOT
415 1 40016 100
//Item BONUSES
416 1 40003 100 40004 100 40005 100
//Item MAGIC_CRYSTAL
417 1 40006 100 40007 100
//Item Crown
418 1 40021 100 40022 100 40023 100 40024 100
//Item Chest
419 1 40025 100 40026 100 40027 100 40028 100

# --- Enemies ---
//Zoombie
700 1 70000 100 70001 100
701 1 70010 100 70011 100
702 1 70000 100
703 1 70010 100

#Bosses
//Boss Dead effect
8000 1 8000 100 8001 100 8002 100 8000 100 8001 100 8002 100 8000 100
8001 1 8003 100 8004 100 8005 100 8003 100 8004 100 8005 100 8003 100
8002 1 8006 100 8007 100 8008 100 8006 100 8007 100 8008 100 8006 100

//Phantom bat
800 1 80000 100
801 1 80001 100 80002 100

# id	ani1	ani2	ani3
[ANIMATION_SETS]
# TORCH
30 300
# CANDLE
31 310
# Broken Bosses
34 340
341 341

# ITEM
40 400 401 402 403 404 405 406 407 408 409 410 411 412 413 414 415 416 417 418 419

# Enemies
70 700 701 702 703
# Bosses
//Phantom bat
80 800 801

[SETTINGS]
stage 4
time 160
map_width 768.0f
map_height 192.0f

[TILEMAP]
# fileMap	sprite_id	
Resources\Map\Map4\tilesheet.txt 1000

[OBJECTS]
Resources\Map\Map4\object.txt

[GRID]
#file_grid	cell_size
Resources\Map\Map4\grid.txt 260