[TEXTURES]
# id	file_path				                    r	    g	    b
901 Resources\Textures\Main-Menu.png 0 128 0

[SPRITES]
# id	left    top     right   bottom  texture_id  dx      dy
//sprite background
91000 1 1 256 239 901 0 0

//bat 
91001 1 256 72 56 901 0 0
91002 74 256 72 56 901 0 0
91003 147 256 72 56 901 0 0
91004 220 256 72 56 901 0 0
91005 293 256 72 56 901 0 0
91006 366 256 72 56 901 0 0
91007 439 256 72 56 901 0 0
91008 512 256 72 56 901 0 0
91009 585 256 72 56 901 0 0
91010 658 256 72 56 901 0 0
91011 1 313 72 56 901 0 0
91012 74 313 72 56 901 0 0
91013 147 313 72 56 901 0 0
91014 220 313 72 56 901 0 0
91015 293 313 72 56 901 0 0
91016 366 313 72 56 901 0 0
91017 439 313 72 56 901 0 0
91018 512 313 72 56 901 0 0
91019 585 313 72 56 901 0 0
91020 658 313 72 56 901 0 0
91021 1 370 72 56 901 0 0
91022 74 370 72 56 901 0 0
91023 147 370 72 56 901 0 0
91024 220 370 72 56 901 0 0
91025 293 370 72 56 901 0 0
91026 366 370 72 56 901 0 0
91027 439 370 72 56 901 0 0
91028 512 370 72 56 901 0 0
91029 585 370 72 56 901 0 0
91030 658 370 72 56 901 0 0
91031 1 427 72 56 901 0 0
91032 74 427 72 56 901 0 0
91033 147 427 72 56 901 0 0
91034 220 427 72 56 901 0 0
91035 293 427 72 56 901 0 0
91036 366 427 72 56 901 0 0
91037 439 427 72 56 901 0 0
91038 512 427 72 56 901 0 0
91039 585 427 72 56 901 0 0
91040 658 427 72 56 901 0 0

//text title
91041 558 1 112 8 901 0 0
91042 558 10 112 8 901 0 0

# ani_idd    sprite1_id	time1	sprite2_id	time2	...
[ANIMATIONS]
//bat large
900 1 91001 100 91002 100 91003 100 91004 100 91005 100 91006 100 91007 100 91008 100 91009 100 91010 100 91011 100 91012 100 91013 100 91014 100 91015 100 91016 100 91017 100 91018 100 91019 100 91020 100 91021 100 91022 100 91023 100 91024 100 91025 100 91026 100 91027 100 91028 100 91029 100 91030 100 91031 100 91032 100 91033 100 91034 100 91035 100 91036 100 91037 100 91038 100 91039 100 91040 100
901 1 91038 100 91039 100 91040 100
//text title
902 1 91041 100
903 1 91041 300 91042 300

[ANIMATION_SETS]
# bat large
900 900 901
# text title game
901 902 903

[SETTINGS]
BACKGROUND 91000
BATLARGE 900
TEXT 901