[TEXTURES]
# id	file_path				                    r	    g	    b
200 Resources\Textures\Items_Objects.png 116 116 116
300 Resources\Textures\hp.png 255 0 255
400 Resources\Textures\Enemies.png 116 116 116
900 Resources\Textures\blackboard.png 116 116 116
1000 Resources\Map\Map2B\tilesheet.png 255 255 255

[SPRITES]
# id	left    top     right   bottom  texture_id  dx      dy

# object map
// torch
30000 175 1 16 32 200 0 0
30001 192 1 16 32 200 0 0
// candle
30010 157 1 8 16 200 0 0
30011 166 1 8 16 200 0 0
// gate
30020 0 0 8 48 700 0 0
30021 8 0 16 48 700 0 0
30022 25 0 24 48 700 0 0
// Moving Platform
30030 64 69 32 8 200 0 00

# item
40000 1 1 16 16 200 0 0
40001 18 1 8 8 200 0 0
40002 29 6 12 10 200 0 0
40003 45 1 15 15 200 0 0
40004 62 1 15 15 200 0 0
40005 79 1 15 15 200 0 0
40006 97 2 12 14 200 0 0
40007 113 1 16 16 200 0 0
40008 1 22 16 9 200 0 0
40009 18 18 15 14 200 0 0
40010 35 18 16 16 200 0 0
40011 53 20 14 13 200 0 0
40012 69 19 15 14 200 0 0
40013 87 19 15 14 200 0 0
40014 104 18 15 16 200 0 0
40015 121 19 14 14 200 0 0
40016 138 19 14 14 200 0 0
40017 1 37 16 13 200 0 0
40018 20 35 13 15 200 0 0
40019 35 35 16 16 200 0 0
40020 52 38 16 11 200 0 0
40021 69 35 15 16 200 0 0
40022 86 35 15 16 200 0 0
40023 103 35 15 16 200 0 0
40024 120 35 15 16 200 0 0
40025 137 39 16 12 200 0 0
40026 154 39 16 12 200 0 0
40027 171 39 16 12 200 0 0
40028 188 39 16 12 200 0 0

# score board
60000 0 0 6 9 300 0 0
60001 5 0 7 9 300 0 0
60002 11 0 6 9 300 0 0
90000 0 0 256 39 900 0 0

#Enemies
//Zombie
70000 1 28 16 32 400 0 0
70001 18 28 16 32 400 0 0

70010 931 28 16 32 400 0 0
70011 914 28 16 32 400 0 0
//BlackLeopard
70100 56 12 24 15 400 0 0
70101 81 12 32 13 400 0 0
70102 116 11 30 16 400 0 0
70103 151 11 28 16 400 0 0

70110 868 12 24 15 400 0 0
70111 835 12 32 13 400 0 0
70112 802 11 30 16 400 0 0
70113 769 11 28 16 400 0 0
//Vampire Bat
70200 184 11 16 16 400 0 0
70201 201 14 16 10 400 0 0
70202 218 12 16 14 400 0 0
70203 239 11 12 14 400 0 0
70204 254 11 16 16 400 0 0
70205 271 14 16 10 400 0 0
70206 288 12 16 14 400 0 0

70210 748 11 16 16 400 0 0
70211 731 14 16 10 400 0 0
70212 714 12 16 14 400 0 0
70213 697 11 12 14 400 0 0
70214 678 11 16 16 400 0 0
70215 661 14 16 10 400 0 0
70216 644 12 16 14 400 0 0
//Fish Man
70300 309 28 16 32 400 0 0
70301 328 28 14 32 400 0 0
70302 343 31 16 29 400 0 0
70303 360 31 16 29 400 0 0

70310 623 28 16 32 400 0 0
70311 606 28 14 32 400 0 0
70312 589 31 16 29 400 0 0
70313 572 31 16 29 400 0 0

//Black Knight
70400 399 28 16 32 400 0 0
70401 416 28 16 32 400 0 0
70402 433 28 16 32 400 0 0

70410 533 28 16 32 400 0 0
70411 516 28 16 32 400 0 0
70412 499 28 16 32 400 0 0
//sprite map
1000 0 0 160 244 1000 0 0
# ani_idd    sprite1_id	time1	sprite2_id	time2	...
[ANIMATIONS]

# --- OBJECTS MAP ---
//torch
300 1 30000 100 30001 100
//candle
310 1 30010 100 30011 100
//gate
320 1 30020 100
321 0 30021 100 30022 100
//moving platformatform
330 1 30030 100

# --- ITEMS ---
//Item Morning Star
400 1 40000 100
//Item Small Heart
401 1 40001 100
//Item Large Heart
402 1 40002 100
//Item Red Money
403 1 40003 100
//Item Purple Money
404 1 40004 100
//Item Yellow Money
405 1 40005 100
//Item Dagger
406 1 40008 100
//Item Axe
407 1 40009 100
//Item Holly Water
408 1 40010 100
//Item Boomerang
409 1 40012 100
//Item Stop watch
410 1 40014 100
//Item CROSS
411 1 40019 100
//Item INVISIBILITY_POTION
412 1 40018 100
//Item PORK_CHOP
413 1 40017 100
//Item DOUBLE_SHOT
414 1 40015 100
//Item TRIPLE_SHOT
415 1 40016 100
//Item BONUSES
416 1 40003 100 40004 100 40005 100
//Item MAGIC_CRYSTAL
417 1 40006 100 40007 100
//Item Crown
418 1 40021 100 40022 100 40023 100 40024 100
//Item Chest
419 1 40025 100 40026 100 40027 100 40028 100

# --- Enemies ---
//Vampire Bat
720 1 70203 100
721 1 70204 100 70205 100 70206 100
722 1 70214 100 70215 100 70216 100
723 1 70200 100 70201 100 70202 100
724 1 70210 100 70211 100 70212 100

//Black Knight
740 1 70400 100 70401 100 70402 100
741 1 70410 100 70411 100 70412 100

#
# id	ani1	ani2	ani3
#
[ANIMATION_SETS]
# TORCH
30 300
# CANDLE
31 310
# GATE
32 320 321
# Moving Platform
33 330

# ITEM
40 400 401 402 403 404 405 406 407 408 409 410 411 412 413 414 415 416 417 418 419

# Enemies
72 720 721 722 723 724
74 740 741

[SETTINGS]
stage 2
time -1
map_width 512.0f
map_height 192.0f
simonX_backup 455.0f
simonY_backup 70.0f

[TILEMAP]
# fileMap	sprite_id	
Resources\Map\Map2B\tilesheet.txt 1000

[OBJECTS]
Resources\Map\Map2B\object.txt

[GRID]
#file_grid	cell_size
Resources\Map\Map2B\grid.txt 260