[TEXTURES]
# id	file_path				                    r	    g	    b
200 Resources\Textures\Items-Objects.png 116 116 116
300 Resources\Textures\HP.png 255 0 255
900 Resources\Textures\Black-Board.png 116 116 116
902 Resources\Textures\Intro.png 116 116 116

[SPRITES]
# id	left    top     right   bottom  texture_id  dx      dy
# score board
60000 0 0 6 9 300 0 0
60001 5 0 7 9 300 0 0
60002 11 0 6 9 300 0 0
90000 0 0 256 39 900 0 0

# item
40000 1 1 16 16 200 0 0
40001 18 1 8 8 200 0 0
40002 29 6 12 10 200 0 0
40003 45 1 15 15 200 0 0
40004 62 1 15 15 200 0 0
40005 79 1 15 15 200 0 0
40006 97 2 12 14 200 0 0
40007 113 1 16 16 200 0 0
40008 1 22 16 9 200 0 0
40009 18 18 15 14 200 0 0
40010 35 18 16 16 200 0 0
40011 53 20 14 13 200 0 0
40012 69 19 15 14 200 0 0
40013 87 19 15 14 200 0 0
40014 104 18 15 16 200 0 0
40015 121 19 14 14 200 0 0
40016 138 19 14 14 200 0 0
40017 1 37 16 13 200 0 0
40018 20 35 13 15 200 0 0
40019 35 35 16 16 200 0 0
40020 52 38 16 11 200 0 0
40021 69 35 15 16 200 0 0
40022 86 35 15 16 200 0 0
40023 103 35 15 16 200 0 0
40024 120 35 15 16 200 0 0
40025 137 39 16 12 200 0 0
40026 154 39 16 12 200 0 0
40027 171 39 16 12 200 0 0
40028 188 39 16 12 200 0 0

//sprite background
92000 1 1 256 192 902 0 0
//bat
92001 1 194 8 7 902 0 0
92002 10 196 8 5 902 0 0
92003 19 196 32 14 902 0 0

# ani_idd    sprite1_id	time1	sprite2_id	time2	...
[ANIMATIONS]
//bat
9200 1 92001 100 92002 100
//helicopter
9201 1 92003 100

[ANIMATION_SETS]
# bat start game
9200 9200
# text title game
9201 9201

[SETTINGS]
background 92000 0 45
bat_ani_set_id 9200 25.0f 125.0f 100 175.0f 65.0f 200
helicopter_ani_set_id 9201 260.0f 65.0f
ground 0 205 256 8
player 256.0f 170.0f