#id	type	name	x	y	width	height	ani_set_id
0 1 Simon 88 160 16 32 1 -2 0 0
1 16 TopStair 115 60 16 8 1 -2
2 15 BottomStair 64 152 8 8 1 -2
3 16 TopStair 0 0 16 8 -1 -2
4 15 BottomStair 384 152 8 8 1 -2
5 16 TopStair 408 92 16 8 1 -2
6 16 TopStair 472 28 16 8 1 -2
7 15 BottomStair 448 88 8 8 1 -2
8 16 TopStair 568 60 16 8 -1 -2
9 15 BottomStair 632 152 8 8 -1 -2
10 17 Ground 32 160 32 32 -1 -2
11 17 Ground 80 160 16 16 -1 -2
12 13 BoundingMap 0 0 32 192 -1 -2
13 17 Ground 128 96 32 32 -1 -2
14 17 Ground 160 160 160 16 -1 -2
15 17 Ground 224 96 32 16 -1 -2
16 17 Ground 352 160 32 16 -1 -2
17 17 Ground 416 128 32 16 -1 -2
18 17 Ground 480 112 32 16 -1 -2
19 17 Ground 448 160 32 16 -1 -2
20 17 Ground 480 176 64 16 -1 -2
21 17 Ground 544 96 32 16 -1 -2
22 17 Ground 608 160 64 16 -1 -2
23 17 Ground 672 144 32 16 -1 -2
24 17 Ground 704 112 32 16 -1 -2
25 17 Ground 736 128 32 64 -1 -2
26 13 BoundingMap 736 0 32 64 -1 -2
27 11 Candle 219 129 8 16 31 -1
28 11 Candle 283 130 8 16 31 -1
29 11 Candle 347 129 8 16 31 -1
30 11 Candle 421 95 8 16 31 -1
31 11 Candle 471 144 8 16 31 -1
32 11 Candle 537 146 8 16 31 -1
33 11 Candle 605 132 8 16 31 -1
34 11 Candle 667 129 8 16 31 -1
35 11 Candle 729 83 8 16 31 -1
36 207 Skeleton 648 123 16 32 77 -1
37 207 Skeleton 351 126 16 32 77 -1
38 208 Raven 272 33 16 12 78 -2
39 208 Raven 416 80 16 12 78 -2
40 208 Raven 482 51 16 12 78 -2
41 208 Raven 518 163 16 12 78 -2
42 14 Portal 751 113 16 16 8 -2 0
43 14 Portal 106 158 16 8 6 -2 0
44 205 Ghost 230 58 16 16 75 -2
